            27           27           -6            2     MHH     
                1               1               2
  0.100000000D+01
                2               2               2
  0.100000000D+01
                3               3               2
  0.100000000D+01
                4               4               2
  0.100000000D+01
                5               5               2
  0.100000000D+01
                6               6               2
  0.100000000D+01
                7               7               2
  0.100000000D+01
                8               8               2
  0.100000000D+01
                9               9               2
  0.100000000D+01
               10              10               2
  0.100000000D+01
               11              11               2
  0.100000000D+01
               12              12               2
  0.100000000D+01
               13              13               2
  0.100000000D+01
               14              14               2
  0.100000000D+01
               15              15               2
  0.100000000D+01
               16              16               2
  0.100000000D+01
               17              17               2
  0.100000000D+01
               18              18               2
  0.100000000D+01
               19              19               2
  0.100000000D+01
               20              20               2
  0.100000000D+01
               21              21               2
  0.100000000D+01
               22              22               2
  0.100000000D+01
               23              23               2
  0.100000000D+01
               24              24               2
  0.100000000D+01
               25              25               2
  0.100000000D+01
               26              26               2
  0.100000000D+01
               27              27               2
  0.100000000D+01
               28               1               1
  0.000000000E+00
