            27           27           -6            2     KHH     
                1               1               2
  0.181043635D+00
                2               2               2
  0.220715200D+00
                3               3               2
  0.278204472D+00
                4               4               2
  0.278934702D+00
                5               5               2
  0.558064092D+00
                6               6               2
  0.653918224D+00
                7               7               2
  0.214693273D+03
                8               8               2
  0.551530651D+03
                9               9               2
  0.938730084D+03
               10              10               2
  0.108750877D+04
               11              11               2
  0.199052458D+04
               12              12               2
  0.211742686D+04
               13              13               2
  0.318540972D+04
               14              14               2
  0.471550578D+04
               15              15               2
  0.651998094D+04
               16              16               2
  0.687679781D+04
               17              17               2
  0.852313730D+04
               18              18               2
  0.103060231D+05
               19              19               2
  0.111646555D+05
               20              20               2
  0.132016264D+05
               21              21               2
  0.146778941D+05
               22              22               2
  0.152959329D+05
               23              23               2
  0.231332282D+05
               24              24               2
  0.286716315D+05
               25              25               2
  0.293414641D+05
               26              26               2
  0.317623906D+05
               27              27               2
  0.379120283D+05
               28               1               1
  0.000000000E+00
