            27           27           -6            2     BHH     
                1               1               2
  0.638238326D-02
                2               2               2
  0.704705029D-02
                3               3               2
  0.791176361D-02
                4               4               2
  0.792214018D-02
                5               5               2
  0.112055529D-01
                6               6               2
  0.121297813D-01
                7               7               2
  0.219786224D+00
                8               8               2
  0.352270338D+00
                9               9               2
  0.459580526D+00
               10              10               2
  0.494660958D+00
               11              11               2
  0.669229416D+00
               12              12               2
  0.690232586D+00
               13              13               2
  0.846591492D+00
               14              14               2
  0.103004308D+01
               15              15               2
  0.121119596D+01
               16              16               2
  0.124389688D+01
               17              17               2
  0.138481255D+01
               18              18               2
  0.152277874D+01
               19              19               2
  0.158494396D+01
               20              20               2
  0.172347492D+01
               21              21               2
  0.181728534D+01
               22              22               2
  0.185515087D+01
               23              23               2
  0.228144168D+01
               24              24               2
  0.253990488D+01
               25              25               2
  0.256940248D+01
               26              26               2
  0.267330087D+01
               27              27               2
  0.292065164D+01
               28               1               1
  0.000000000E+00
